update
    VENDEDOR
set 
    canalrelacionado = 208
where cadastro in
(14563,
14569,
14628,
14629,
14684,
14707,
14745,
14768,
14755,
14776,
37286,
14803,
12628,
14812,
12692,
12713,
12730,
12820,
12876,
14853,
12971,
12985,
13083,
14893,
14900,
13194,
14916,
13364,
13369,
13370,
13437,
13458,
13461,
13498,
13531,
28112,
13560,
14976,
13717,
14994,
13931,
15035,
15039,
15042,
15057,
15070,
15073,
15079,
14425,
14484,
10012,
15101,
10041,
40013,
15116,
15119,
15125,
10159,
10169,
10192,
15133,
10240,
10244,
10246,
10248,
10256,
10282,
15142,
10287,
10325,
10358,
10386,
10391,
10398,
15165,
15166,
10440,
10461,
15174,
10483,
15183,
10525,
10527,
10539,
10547,
10561,
10562,
15192,
10571,
10577,
10578,
10579,
10582,
10588,
10600,
10602,
10611,
10613,
10614,
10636,
10639,
37669,
10663,
10670,
10683,
15217,
15219,
10700,
15230,
15232,
10735,
15233,
10750,
10762,
10763,
10776,
10779,
15242,
15245,
10792,
10800,
10803,
10809,
10812,
10814,
15249,
10832,
10838,
10845,
10848,
10849,
10860,
10867,
10872,
10878,
10879,
10882,
10900,
10902,
10905,
10909,
10911,
10916,
10921,
10924,
10936,
10937,
10943,
10944,
10953,
10955,
10962,
10964,
10967,
10977,
10985,
10986,
10994,
11003,
11006,
11009,
11017,
11018,
11019,
11022,
11023,
11029,
11035,
11039,
11044,
11046,
11049,
11053,
11065,
11066,
11067,
11070,
11073,
11079,
11083,
11087,
11088,
11093,
11110,
11115,
11116,
11117,
11132,
11136,
11147,
11148,
11155,
11161,
11172,
11180,
11182,
11186,
11190,
11194,
11196,
11210,
11211,
11214,
11224,
11230,
11233,
11235,
11249,
11253,
11256,
11263,
11274,
11276,
11282,
11288,
11293,
11307,
11321,
11325,
11326,
11339,
11340,
11356,
11367,
11374,
11376,
11378,
11384,
11387,
11394,
11400,
11411,
11414,
11417,
11423,
11424,
11429,
11434,
11442,
11448,
11459,
11461,
11463,
11467,
11470,
11471,
11480,
11482,
11483,
11486,
11492,
11508,
11511,
11513,
11525,
11542,
11551,
11553,
11569,
11572,
11583,
11586,
11597,
11610,
11620,
11622,
11633,
11640,
11645,
11649,
11651,
11659,
11662,
11665,
11670,
11671,
11672,
11674,
11680,
11682,
11685,
11686,
11689,
11702,
11706,
11708,
11710,
11712,
11715,
11716,
11720,
11726,
11822,
11929,
12126,
12258,
12342,
12407,
12473,
12516,
12553,
12590,
15329,
16135,
15364,
15436,
15467,
15557,
15570,
15628,
15641,
15694,
15772,
15835,
15935,
15945,
16002,
16019,
16114,
16170,
16228,
16283,
16362,
16365,
16873,
17138,
17147,
35186,
17194,
17212,
17238,
17275,
17280,
17300,
17317,
17328,
17365,
17537,
17577,
17593,
17598,
17634,
17674,
17730,
17742,
17824,
17834,
18067,
18119,
18130,
18151,
18154,
18282,
18329,
18353,
19073,
19373,
19385,
19393,
19567,
19619,
19604,
19640,
19751,
19780,
19839,
19977,
29384,
20070,
20144,
27756,
20243,
20276,
20413,
20558,
20604,
20666,
20670,
20756,
20982,
21051,
21052,
21071,
21064,
21065,
21202,
21229,
21258,
21281,
21384,
21403,
21404,
21699,
21852,
21807,
21808,
21872,
21888,
21924,
21929,
21984,
22027,
22046,
22066,
22067,
22110,
22163,
22199,
22350,
22500,
22334,
22547,
22608,
22724,
22700,
22626,
22733,
22766,
22898,
23060,
23312,
23114,
23389,
23600,
23423,
23430,
23380,
23446,
24189,
24156,
23918,
23922,
36075,
24229,
24063,
24091,
24105,
24296,
24384,
24413,
24471,
24487,
24493,
24526,
24548,
24575,
24596,
24729,
24814,
24998,
24849,
24888,
25062,
25083,
25342,
25123,
25168,
25254,
25362,
27694,
25443,
25459,
25466,
25504,
25623,
25642,
25589,
25708,
25714,
25812,
25802,
25942,
26084,
26029,
26108,
26162,
26164,
26355,
26369,
26191,
26201,
26239,
26244,
26252,
26393,
26437,
26535,
26738,
26745,
26754,
26889,
26893,
26765,
26901,
26782,
26902,
26785,
26877,
27145,
26994,
27008,
27566,
27073,
27246,
27257,
27329,
27343,
27402,
27408,
27420,
27424,
27425,
27431,
27434,
27436,
27455,
27505,
27510,
27597,
27599,
27521,
28246,
27629,
27631,
28146,
28176,
28219,
28229,
28285,
28298,
28299,
28664,
28425,
28440,
29569,
29691,
29816,
29818,
29823,
29854,
28517,
28684,
28551,
28762,
28765,
28777,
29385,
28901,
29015,
27828,
28987,
27917,
27941,
29399,
29418,
29045,
29061,
20017,
29171,
27986,
28002,
29484,
28006,
29283,
29284,
28041,
29323,
29331,
29333,
29375,
29545,
29562,
29989,
30239,
30288,
30367,
30403,
30535,
30548,
30553,
30554,
30513,
30524,
30599,
30662,
30674,
31060,
30740,
31067,
31075,
30751,
30758,
30771,
30772,
30773,
30802,
30833,
30850,
30868,
30893,
31090,
30909,
30940,
30945,
31102,
31103,
31104,
31105,
30972,
30980,
31568,
31117,
31118,
31162,
31164,
31167,
31223,
31283,
31589,
31335,
31336,
31339,
31340,
31375,
31406,
31610,
31521,
31625,
32771,
31642,
31648,
31663,
31771,
31772,
31792,
31825,
31826,
31828,
31896,
32046,
32094,
32104,
32778,
32844,
32247,
32249,
32291,
32302,
32343,
32482,
32518,
35140,
32691,
32856,
32861,
32744,
32862,
32867,
32760,
32941,
32956,
33014,
33137,
33095,
33213,
33374,
33232,
33335,
33413,
33414,
33542,
33628,
33629,
33745,
33763,
33793,
33797,
33959,
33954,
34009,
34105,
34186,
34259,
34379,
34433,
34402,
34405,
34439,
34406,
34408,
34411,
34440,
34441,
34460,
34465,
34466,
34520,
34556,
34603,
34608,
34664,
34698,
34723,
34765,
34783,
34784,
34785,
34786,
34930,
35092,
35136,
35149,
35159,
35173,
35191,
35206,
35252,
35251,
35269,
35296,
35322,
35334,
35335,
35338,
35442,
35456,
35465,
35474,
35487,
35491,
35663,
35641,
35664,
35642,
35665,
35648,
35651,
35652,
35653,
35655,
35666,
35659,
35660,
35661,
35662,
35668,
35669,
35670,
35671,
35672,
35673,
35674,
35675,
35676,
35677,
35678,
35679,
35687,
35688,
35689,
35690,
35691,
35692,
35693,
35694,
35695,
35696,
35698,
35699,
35708,
35730,
35728,
35747,
35749,
35763,
35764,
35765,
35766,
35767,
35768,
35779,
35819,
35849,
35864,
35888,
35900,
35940,
35984,
36099,
36116,
36177,
36228,
36322,
36470,
36542,
36630,
36742,
36743,
36757,
36872,
36883,
36914,
36999,
37004,
37036,
37110,
37125,
37195,
37317,
37343,
37558,
37559,
37573,
37586,
37623,
37631,
37670,
37746,
37842,
37961,
37962,
37986,
38130,
38164,
38166,
38167,
38175,
38176,
38204,
38298,
38301,
38323,
38524,
38525,
38629,
38665,
38679,
38744,
38745,
38765,
38766,
38845,
38849,
38864,
38933,
38971,
38973,
39052,
39088,
39195,
39208,
39209,
39227,
39253,
39254,
39256,
39297,
39364,
39633,
39575,
39652,
39797,
39939,
39944,
40354,
40409,
40753,
40853,
40857,
40854,
40870,
41084,
41284,
41285)

